	PLAYER	TEAM	AGE	GP	W	L	MIN	PTS	FGM	FGA	FG%	3PM	3PA	3P%	FTM	FTA	FT%	OREB	DREB	REB	AST	TOV	STL	BLK	PF	FP	DD2	TD3	+/-
8	
Reggie Miller
IND	35	81	41	40	39.3	18.9	6.4	14.5	44.0	2.1	5.7	36.6	4.0	4.3	92.8	0.5	3.0	3.5	3.2	1.6	1.0	0.2	2.0	29.8	1	0	0.0
10	
Allan Houston
NYK	30	78	45	33	36.6	18.7	6.9	15.5	44.9	1.2	3.2	38.1	3.6	3.9	90.9	0.3	3.4	3.6	2.2	2.1	0.7	0.1	2.4	26.7	0	0	1.5
12	
Doug Christie
SAC	31	81	54	27	36.3	12.3	3.8	9.7	39.5	1.2	3.1	37.6	3.5	3.9	89.7	1.2	3.2	4.4	3.6	1.9	2.3	0.6	2.8	29.5	3	0	4.7
14	
Steve Nash
DAL	27	70	48	22	34.1	15.6	5.5	11.3	48.7	1.3	3.1	40.6	3.3	3.7	89.5	0.7	2.5	3.2	7.3	2.9	1.0	0.1	2.3	30.7	12	0	4.6
15	
Trajan Langdon
CLE	25	65	21	44	17.2	6.0	2.1	4.8	43.1	0.8	1.9	41.1	1.0	1.2	89.5	0.2	1.2	1.4	1.2	0.8	0.6	0.1	1.8	10.9	0	0	-0.4
17	
Chris Whitney
WAS	29	59	12	47	26.0	9.5	3.1	8.0	38.7	1.6	4.2	37.5	1.7	1.9	89.4	0.2	1.6	1.8	4.2	1.7	0.9	0.1	2.5	19.1	4	0	-4.3
18	
Mitch Richmond
WAS	36	37	10	27	32.9	16.2	5.5	13.6	40.7	1.2	3.6	33.8	3.9	4.3	89.4	0.4	2.5	2.9	3.0	2.3	1.2	0.2	2.3	26.0	0	0	-1.8
19	
Steven Smith
POR	32	81	49	32	31.4	13.6	4.4	9.7	45.6	1.0	2.8	33.9	3.8	4.3	89.0	1.1	2.3	3.4	2.6	1.7	0.6	0.3	2.5	22.6	1	0	3.4
20	
Ray Allen
MIL	25	82	52	30	38.2	22.0	7.7	16.0	48.0	2.5	5.7	43.3	4.2	4.8	88.8	1.2	4.0	5.2	4.6	2.5	1.5	0.2	2.3	37.9	8	1	4.2
22	
Darrell Armstrong
ORL	33	75	40	35	37.0	15.9	5.5	13.4	41.2	1.9	5.4	35.5	2.9	3.3	88.4	1.3	3.3	4.6	7.0	2.7	1.8	0.2	2.1	35.1	16	0	2.8
23	
Roshown McLeod
PHI	25	35	12	23	26.2	9.6	4.1	9.5	43.7	0.1	0.6	9.1	1.3	1.5	88.2	1.1	2.3	3.4	1.7	1.7	0.7	0.2	2.6	17.2	1	0	-1.0
24	
Jon Barry
SAC	31	62	42	20	16.3	5.1	1.7	4.1	40.4	0.7	2.1	34.8	1.0	1.2	87.7	0.3	1.3	1.5	2.1	0.9	0.5	0.1	1.1	10.9	0	0	1.3
25	
Shammond Williams
SEA	26	69	35	34	18.0	6.8	2.3	5.3	43.8	0.9	1.9	45.9	1.2	1.4	87.5	0.5	1.4	1.9	2.8	1.2	0.4	0.1	1.2	13.5	0	0	0.0
28	
Eric Piatkowski
LAC	30	81	31	50	26.5	10.6	3.6	8.3	43.3	1.5	3.7	40.4	2.0	2.2	87.3	0.7	2.3	3.0	1.2	0.9	0.6	0.2	1.5	17.4	0	0	-0.7
30	
Terrell Brandon
MIN	31	78	43	35	36.2	16.0	6.6	14.5	45.1	0.4	1.2	36.3	2.5	2.9	87.1	0.8	3.1	3.8	7.5	2.0	2.1	0.3	1.8	36.8	16	1	1.5
31	
Wally Szczerbiak
MIN	24	82	47	35	34.8	14.0	5.7	11.2	51.0	0.3	0.9	33.8	2.2	2.5	87.0	1.6	3.8	5.5	3.2	1.7	0.7	0.4	2.8	26.9	8	0	2.7
32	
Richard Hamilton
WAS	23	78	19	59	32.3	18.1	7.0	16.0	43.8	0.5	1.9	27.4	3.6	4.1	86.8	1.0	2.1	3.1	2.9	2.6	1.0	0.1	2.6	26.8	0	0	-4.3
33	
Pat Garrity
ORL	24	76	40	36	20.8	8.3	2.9	7.6	38.7	1.3	2.9	43.3	1.1	1.3	86.7	0.7	2.1	2.8	0.7	0.9	0.5	0.2	3.2	13.9	0	0	0.3
34	
Fred Hoiberg
CHI	28	74	14	60	30.3	9.1	2.9	6.7	43.9	1.4	3.4	41.4	1.8	2.1	86.6	0.3	3.9	4.2	3.6	1.0	1.3	0.2	2.1	22.9	3	0	-4.9
35	
Austin Croshere
IND	26	81	40	41	23.1	10.1	3.4	8.7	39.4	0.9	2.6	33.8	2.5	2.9	86.6	1.5	3.3	4.8	1.1	1.7	0.4	0.6	2.2	19.1	8	0	0.4
36	
Anthony Peeler
MIN	31	75	42	33	28.3	10.5	4.1	9.8	42.1	1.3	3.4	39.1	1.0	1.2	86.2	0.6	2.0	2.6	2.6	1.4	1.2	0.2	2.2	20.4	1	0	1.1
38	
Erick Strickland
VAN	27	50	21	29	16.6	5.2	1.6	5.3	30.3	0.6	1.9	31.6	1.4	1.6	86.1	0.4	2.2	2.6	1.9	1.0	0.9	0.0	1.8	12.9	0	0	0.7
39	
Cedric Ceballos
MIA	31	40	22	18	13.9	6.5	2.5	5.7	44.1	0.6	1.8	30.1	0.9	1.1	86.0	0.9	1.8	2.7	0.5	0.8	0.4	0.2	1.5	11.4	3	0	-0.7
40	
Sam Cassell
MIL	31	76	51	25	35.7	18.2	7.1	14.9	47.4	0.4	1.3	30.6	3.6	4.3	85.8	0.6	3.2	3.8	7.6	2.9	1.2	0.1	2.8	35.1	17	0	2.2
41	
Chris Mullin
GSW	37	20	5	15	18.6	5.8	1.8	5.3	34.0	1.0	2.6	36.5	1.2	1.4	85.7	0.5	1.6	2.1	1.0	1.0	0.8	0.5	1.4	12.6	0	0	-3.5
41	
Hersey Hawkins
CHH	34	59	34	25	11.5	3.1	0.9	2.3	40.9	0.3	0.8	37.0	0.9	1.1	85.7	0.3	1.1	1.4	1.2	0.3	0.6	0.2	0.8	8.4	0	0	-0.3
48	
Peja Stojakovic
SAC	24	75	50	25	38.7	20.4	7.5	15.9	47.0	1.9	4.8	40.0	3.6	4.2	85.6	1.2	4.5	5.8	2.2	1.9	1.2	0.2	1.9	32.8	5	0	4.7
49	
Isaiah Rider
LAL	30	67	46	21	18.0	7.6	3.0	7.0	42.6	0.5	1.4	37.0	1.1	1.2	85.5	0.7	1.7	2.3	1.7	1.5	0.4	0.1	1.6	12.9	0	0	-0.4
50	
Johnny Newman
NJN	37	82	26	56	25.0	10.9	3.5	8.5	41.9	0.7	2.1	33.5	3.1	3.6	85.5	0.4	1.7	2.1	1.4	1.3	0.8	0.1	2.8	17.0	1	0	-3.9
51	
Kobe Bryant
LAL	22	68	45	23	41.0	28.5	10.3	22.2	46.4	0.9	2.9	30.5	7.0	8.2	85.3	1.5	4.3	5.9	5.0	3.2	1.7	0.6	3.3	46.7	10	2	5.4
54	
Glen Rice
NYK	34	75	43	32	29.5	12.0	4.4	10.0	44.0	1.1	2.8	38.9	2.1	2.4	85.2	0.8	3.3	4.1	1.2	1.3	0.5	0.2	2.4	19.6	3	0	3.1
55	
Derek Anderson
SAS	26	82	58	24	34.9	15.5	5.0	12.1	41.6	1.2	3.1	39.9	4.2	4.9	85.1	0.9	3.5	4.4	3.7	2.0	1.5	0.2	2.3	29.2	3	0	8.3
56	
Dana Barros
DET	34	60	24	36	18.0	8.0	3.1	6.9	44.4	0.7	1.8	41.9	1.1	1.3	85.0	0.1	1.5	1.6	1.8	1.0	0.5	0.0	1.1	13.2	0	0	-1.1
58	
Milt Palacio
BOS	23	58	27	31	19.7	5.9	2.2	4.6	47.2	0.2	0.6	33.3	1.3	1.6	84.8	0.4	1.3	1.8	2.6	1.4	0.8	0.0	1.4	13.0	0	0	-0.5
60	
Jason Terry
ATL	23	82	25	57	37.7	19.7	7.3	16.7	43.6	1.5	3.8	39.5	3.7	4.4	84.6	0.5	2.8	3.3	4.9	2.9	1.3	0.1	2.5	32.4	3	0	-3.7
61	
Bryant Stith
BOS	30	78	35	43	32.1	9.7	3.1	7.8	40.1	1.2	3.1	37.6	2.2	2.7	84.5	0.8	2.8	3.6	2.2	1.2	1.2	0.2	2.3	20.3	0	0	-1.6
63	
Eddie Jones
MIA	29	63	40	23	36.1	17.4	6.2	13.8	44.5	1.4	3.8	37.8	3.6	4.3	84.4	1.2	3.4	4.6	2.7	2.1	1.7	0.9	2.9	32.9	2	0	2.1
65	
Chauncey Billups
MIN	24	77	42	35	23.3	9.3	3.2	7.6	42.2	0.9	2.5	37.6	1.9	2.2	84.2	0.4	1.6	2.1	3.4	1.4	0.7	0.1	2.3	17.8	1	0	0.4
67	
George McCloud
DEN	34	76	37	39	26.4	9.6	3.3	8.6	38.2	1.0	3.1	32.9	2.0	2.4	84.0	0.7	2.2	2.9	3.7	1.5	0.7	0.4	2.2	20.3	0	0	-2.8
68	
Dirk Nowitzki
DAL	23	82	53	29	38.1	21.8	7.2	15.2	47.4	1.8	4.8	38.7	5.5	6.6	83.8	1.5	7.7	9.2	2.1	1.9	1.0	1.2	3.0	40.6	38	0	6.5
69	
Charles Oakley
TOR	37	78	45	33	35.5	9.6	3.9	10.1	38.8	0.1	0.6	22.4	1.6	1.9	83.6	1.8	7.7	9.5	3.4	1.8	1.0	0.6	3.3	29.1	25	1	3.1
70	
Shareef Abdur-Rahim
VAN	24	81	23	58	40.0	20.5	7.5	15.8	47.2	0.1	0.8	18.8	5.5	6.6	83.4	2.2	6.9	9.1	3.1	2.9	1.1	1.0	2.9	39.4	33	0	-5.4
71	
Andre Miller
CLE	25	82	30	52	34.7	15.8	5.5	12.2	45.2	0.2	0.8	26.6	4.6	5.5	83.3	1.1	3.2	4.4	8.0	3.2	1.5	0.3	2.8	35.2	22	0	-0.7
77	
Cuttino Mobley
HOU	25	79	44	35	38.1	19.5	6.7	15.4	43.4	1.1	3.2	35.7	5.0	6.0	83.1	1.1	4.0	5.0	2.5	2.1	1.1	0.3	2.1	31.3	8	0	3.4
78	
Kenny Anderson
BOS	30	33	14	19	25.8	7.5	2.7	6.9	38.8	0.3	1.0	33.3	1.8	2.2	83.1	0.5	1.7	2.2	4.1	1.6	1.3	0.1	1.9	18.8	0	0	-1.3
79	
Damon Stoudamire
POR	27	82	50	32	32.4	13.0	5.0	11.4	43.4	1.0	2.7	37.4	2.1	2.5	83.1	0.8	2.9	3.7	5.7	2.3	1.3	0.1	2.5	27.8	4	1	4.6
80	
Jalen Rose
IND	28	72	36	36	40.9	20.5	7.9	17.3	45.7	0.8	2.4	33.9	4.0	4.8	82.8	0.5	4.5	5.0	6.0	2.9	0.9	0.6	3.2	37.1	9	0	-0.6
82	
Travis Best
IND	28	77	38	39	31.9	11.9	4.5	10.2	44.0	0.5	1.3	38.1	2.4	2.9	82.7	0.5	2.4	2.9	6.1	1.6	1.4	0.1	3.2	27.7	14	0	1.5
83	
Rashard Lewis
SEA	21	78	43	35	34.9	14.8	5.5	11.4	48.0	1.6	3.7	43.2	2.3	2.7	82.6	1.8	5.1	6.9	1.6	1.7	1.2	0.6	2.4	29.1	8	0	1.2
84	
Howard Eisley
DAL	28	82	53	29	29.6	9.0	3.2	8.2	39.3	1.3	3.3	39.8	1.3	1.5	82.5	0.3	2.1	2.4	3.6	1.2	1.2	0.1	2.7	20.1	1	0	2.0
86	
Ron Mercer
CHI	25	61	10	51	41.5	19.7	8.2	18.4	44.6	0.2	0.8	30.4	3.1	3.7	82.5	1.2	2.7	3.9	3.3	2.1	1.3	0.4	2.4	32.3	2	0	-8.3
88	
Jim Jackson
CLE	30	56	13	43	30.2	11.5	4.3	11.3	37.8	0.5	1.4	32.5	2.5	3.0	82.2	0.9	3.1	4.0	2.9	2.3	0.9	0.2	2.5	21.7	1	0	-4.8
89	
Jerry Stackhouse
DET	26	80	31	49	40.1	29.8	9.7	24.1	40.2	2.1	5.9	35.1	8.3	10.1	82.2	1.2	2.7	3.9	5.1	4.1	1.2	0.7	2.0	43.8	5	1	-0.8
90	
Glenn Robinson
MIL	28	76	50	26	37.0	22.0	9.0	19.2	46.8	0.7	2.4	29.9	3.3	4.0	82.0	1.6	5.3	6.9	3.3	2.9	1.1	0.8	2.5	38.3	15	0	2.8
91	
Courtney Alexander
WAS	24	65	29	36	21.1	9.5	3.7	8.8	41.7	0.3	0.7	37.0	1.9	2.3	82.0	0.6	1.6	2.2	1.0	1.2	0.7	0.1	2.1	14.7	0	0	-4.4
92	
Chris Crawford
ATL	26	47	11	36	19.2	6.8	2.6	5.7	45.2	0.1	0.5	27.3	1.4	1.8	81.9	0.6	1.7	2.3	0.8	1.3	0.4	0.3	2.5	11.8	0	0	-2.9
92	
Nick Van Exel
DEN	29	71	34	37	37.8	17.7	6.5	15.7	41.4	1.9	5.0	37.7	2.9	3.5	81.9	0.6	2.8	3.4	8.5	2.3	0.9	0.3	1.5	35.5	20	0	-0.9
97	
Steve Francis
HOU	24	80	45	35	39.9	19.9	6.9	15.2	45.1	1.7	4.2	39.6	4.5	5.5	81.7	2.4	4.5	6.9	6.5	3.3	1.8	0.4	3.4	41.0	24	2	2.3
98	
Troy Hudson
ORL	25	75	38	37	13.4	4.8	1.7	5.0	33.6	0.3	1.5	20.2	1.1	1.4	81.7	0.5	0.9	1.4	2.2	1.2	0.5	0.0	1.1	10.1	0	0	-1.2
99	
John Stockton
UTA	39	82	53	29	29.2	11.5	4.0	7.9	50.4	0.7	1.6	46.2	2.8	3.4	81.7	0.7	2.1	2.8	8.7	2.5	1.6	0.3	2.4	31.0	18	0	6.9
100	
James Posey
DEN	24	82	40	42	27.5	8.1	3.0	7.2	41.2	0.8	2.6	30.0	1.4	1.7	81.6	1.5	3.7	5.3	2.0	1.2	1.1	0.5	2.8	21.0	8	0	0.3
101	
Brent Barry
SEA	29	67	39	28	26.6	8.8	3.0	6.0	49.4	1.6	3.4	47.6	1.3	1.5	81.6	0.5	2.7	3.1	3.4	1.3	1.2	0.2	1.9	20.5	2	0	1.4
104	
Jason Kidd
PHX	28	77	50	27	39.8	16.9	5.9	14.2	41.1	0.9	3.0	29.7	4.3	5.2	81.4	1.2	5.2	6.4	9.8	3.7	2.2	0.3	2.2	42.9	33	7	1.8
105	
Allen Iverson
PHI	26	71	50	21	41.9	31.1	10.7	25.5	42.0	1.4	4.3	32.0	8.2	10.1	81.4	0.7	3.1	3.8	4.6	3.3	2.5	0.3	2.1	47.6	4	0	5.2
106	
Matt Harpring
CLE	25	56	24	32	28.8	11.1	4.3	9.4	45.4	0.2	0.9	25.0	2.4	2.9	81.2	1.6	2.7	4.3	1.8	1.6	0.8	0.3	2.9	20.6	2	0	-3.1
109	
Shawn Marion
PHX	23	79	50	29	36.2	17.3	7.1	14.7	48.0	0.3	1.0	25.6	3.0	3.7	81.0	2.8	7.9	10.7	2.0	1.6	1.7	1.4	2.7	40.7	47	0	3.5
110	
Jeff McInnis
LAC	26	81	31	50	34.9	12.9	5.3	11.5	46.3	0.6	1.8	36.1	1.6	2.0	80.7	0.5	2.2	2.7	5.5	1.4	0.9	0.1	2.5	26.1	7	1	-3.3
111	
Derek Fisher
LAL	26	20	15	5	35.5	11.5	3.9	9.4	41.2	1.3	3.2	39.7	2.5	3.1	80.6	0.3	2.7	3.0	4.4	1.5	2.0	0.1	2.5	26.2	0	0	8.6
111	
Keith Van Horn
NJN	25	49	16	33	35.3	17.0	6.3	14.4	43.5	1.3	3.5	38.2	3.1	3.8	80.6	1.6	5.5	7.1	1.7	2.1	0.8	0.4	3.1	29.5	8	0	-1.8
114	
Lindsey Hunter
MIL	30	82	52	30	24.4	10.1	3.6	9.5	38.1	1.9	5.0	37.3	0.9	1.2	80.2	0.4	1.7	2.1	2.7	0.8	1.2	0.1	2.1	19.9	0	0	2.4
114	
Marc Jackson
GSW	26	48	12	36	29.3	13.2	4.9	10.6	46.7	0.1	0.5	21.7	3.2	4.0	80.2	2.5	5.0	7.5	1.2	1.9	0.7	0.6	2.9	25.9	17	0	-5.1
116	
Tyrone Nesby
WAS	25	62	13	49	25.1	8.3	3.0	8.5	35.7	0.8	2.9	27.2	1.4	1.7	80.2	0.8	2.0	2.8	1.2	1.0	0.8	0.3	2.5	15.8	0	0	-3.2
117	
John Starks
UTA	35	75	49	26	28.3	9.3	3.6	9.1	39.8	0.9	2.4	35.2	1.2	1.5	80.2	0.4	1.7	2.1	2.4	1.3	1.0	0.1	2.9	17.4	0	0	2.2
118	
Tim Hardaway
MIA	34	77	46	31	33.9	14.9	5.3	13.5	39.2	2.5	6.7	36.6	1.9	2.4	80.1	0.3	2.3	2.6	6.3	2.5	1.2	0.1	2.0	28.8	6	0	3.0
119	
Charlie Ward
NYK	30	61	35	26	24.5	7.1	2.5	6.1	41.6	1.1	2.9	38.3	0.9	1.1	80.0	0.5	2.1	2.6	4.5	1.8	1.1	0.2	2.2	19.0	1	0	2.9
126	
David Wesley
CHH	30	82	46	36	37.9	17.2	6.4	15.1	42.2	1.2	3.1	37.6	3.3	4.1	79.9	0.8	2.0	2.7	4.4	2.1	1.6	0.2	2.7	30.3	1	0	1.4
127	
Mario Elie
PHX	37	68	44	24	22.2	4.4	1.5	3.6	42.3	0.5	1.5	36.0	0.8	1.0	79.7	0.6	1.7	2.3	1.9	0.9	0.9	0.2	1.6	12.2	0	0	1.3
128	
Larry Johnson
NYK	32	65	38	27	32.4	9.9	3.8	9.2	41.1	0.8	2.5	31.3	1.6	2.0	79.7	1.4	4.2	5.6	2.0	1.5	0.6	0.4	3.2	21.2	3	0	-0.3
128	
Voshon Lenard
DEN	28	80	40	40	29.2	12.2	4.2	10.6	39.7	1.8	4.8	38.5	1.9	2.4	79.7	0.6	2.3	2.9	2.4	1.3	0.8	0.2	2.1	21.0	1	0	-1.4
136	
Terry Porter
SAS	38	80	57	23	21.0	7.2	2.5	5.5	44.8	1.1	2.6	42.4	1.2	1.5	79.3	0.3	2.2	2.5	3.1	1.3	0.7	0.1	1.1	15.9	2	0	4.5
141	
Stephon Marbury
NJN	24	67	22	45	38.2	23.9	8.4	19.1	44.1	1.6	5.0	32.8	5.4	6.8	79.0	0.8	2.3	3.1	7.6	2.9	1.2	0.1	2.2	39.7	12	1	-3.9
144	
Jason Williams
SAC	25	77	52	25	29.7	9.4	3.6	9.0	40.7	1.3	4.0	31.5	0.8	1.0	78.9	0.2	2.2	2.4	5.4	2.1	1.2	0.1	1.5	22.3	2	0	3.2
145	
Tony Delk
PHX	27	82	51	31	27.9	12.3	4.7	11.3	41.5	0.7	2.0	32.1	2.3	2.9	78.7	0.9	2.3	3.2	2.0	1.2	0.9	0.2	2.1	21.1	1	0	1.1
150	
Latrell Sprewell
NYK	30	77	45	32	39.1	17.7	6.8	15.8	43.0	0.5	1.8	30.4	3.6	4.6	78.3	0.6	3.9	4.5	3.5	2.8	1.4	0.4	2.1	30.8	1	0	1.5
153	
Jacque Vaughn
UTA	26	82	53	29	19.8	6.1	2.1	4.8	43.3	0.4	1.0	38.5	1.6	2.0	78.0	0.2	1.6	1.8	3.9	1.6	0.6	0.0	1.8	14.5	1	0	-1.8
154	
Bryon Russell
UTA	30	78	50	28	31.7	12.0	3.9	9.0	44.0	1.2	2.9	41.3	2.8	3.7	77.9	1.2	3.0	4.2	2.1	1.4	1.2	0.3	2.9	23.1	0	0	3.6
155	
Rick Fox
LAL	31	82	56	26	28.0	9.6	3.5	7.9	44.4	1.4	3.7	39.3	1.2	1.5	77.9	1.0	3.0	4.0	3.2	1.7	0.9	0.4	2.7	21.1	3	0	3.5
156	
Moochie Norris
HOU	27	82	45	37	20.1	6.6	2.2	5.0	44.6	0.3	1.1	28.1	1.8	2.4	77.8	0.5	1.9	2.4	3.5	1.3	0.8	0.0	1.0	16.0	0	0	1.3
157	
Khalid El-Amin
CHI	22	50	7	43	18.7	6.3	2.3	6.2	37.0	0.6	1.7	33.3	1.1	1.4	77.8	0.4	1.2	1.6	2.9	1.1	1.0	0.0	2.0	14.5	0	0	-3.5
163	
Hedo Turkoglu
SAC	22	74	48	26	16.9	5.3	1.9	4.5	41.2	0.4	1.2	32.6	1.2	1.5	77.7	0.7	2.2	2.8	0.9	0.7	0.7	0.3	1.9	12.4	1	0	1.9
164	
Mark Jackson
NYK	36	83	45	38	31.1	7.6	2.9	7.0	41.9	0.8	2.5	33.8	0.9	1.1	77.7	0.8	2.9	3.7	8.0	2.1	1.0	0.1	1.7	25.1	10	1	0.3
165	
Antonio Daniels
SAS	26	79	55	24	26.1	9.4	3.5	7.4	46.8	0.9	2.3	40.4	1.5	2.0	77.6	0.3	1.7	2.1	3.8	1.4	0.8	0.2	1.5	19.1	2	0	2.0
167	
Michael Finley
DAL	28	82	53	29	42.0	21.5	8.7	18.9	45.8	1.1	3.2	34.6	3.1	4.0	77.5	1.3	3.9	5.2	4.4	2.3	1.4	0.4	2.1	37.5	9	1	4.9
169	
Corey Maggette
LAC	21	69	27	42	19.7	10.0	3.3	7.1	46.2	0.2	0.8	30.4	3.2	4.2	77.4	1.3	2.9	4.2	1.2	1.5	0.5	0.1	2.0	17.2	4	0	-1.3
172	
Tim Thomas
MIL	24	76	48	28	27.4	12.6	4.3	10.0	43.0	1.4	3.4	41.2	2.6	3.3	77.1	1.0	3.1	4.1	1.8	1.5	1.0	0.6	2.6	23.6	3	0	3.6
173	
Walt Williams
HOU	31	72	39	33	22.0	8.3	2.8	7.1	39.4	1.4	3.4	39.5	1.3	1.8	77.0	0.4	3.0	3.4	1.3	1.0	0.4	0.4	2.1	15.8	1	0	1.1
174	
Lucious Harris
NJN	30	73	21	52	28.4	9.4	3.6	8.5	42.5	0.6	1.8	34.8	1.5	1.9	77.0	1.0	3.0	3.9	1.8	0.9	1.0	0.2	1.7	19.7	2	0	-2.6
176	
Aaron McKie
PHI	28	76	51	25	31.5	11.6	4.4	9.4	47.3	0.7	2.2	31.2	2.0	2.6	76.8	0.4	3.7	4.1	5.0	2.7	1.4	0.1	2.3	25.7	8	2	4.4
178	
Jamal Mashburn
CHH	28	76	42	34	39.4	20.1	7.5	18.3	41.3	1.4	3.8	35.6	3.7	4.8	76.6	1.2	6.4	7.6	5.4	2.8	1.1	0.2	2.4	38.4	21	1	2.1
180	
Larry Hughes
GSW	22	50	13	37	36.9	16.5	6.2	16.1	38.3	0.3	1.5	18.7	3.9	5.0	76.6	1.5	4.0	5.5	4.5	3.0	1.9	0.6	2.9	34.2	6	0	-5.0
181	
Rasheed Wallace
POR	26	77	48	29	38.2	19.2	7.7	15.3	50.1	0.7	2.1	32.1	3.2	4.2	76.6	1.9	5.9	7.8	2.8	2.1	1.2	1.8	2.7	39.4	18	0	4.8
182	
Gary Payton
SEA	32	79	43	36	41.1	23.1	9.2	20.1	45.6	1.3	3.4	37.5	3.4	4.5	76.6	0.9	3.6	4.6	8.1	2.6	1.6	0.3	2.3	43.9	27	2	-0.2
183	
Vince Carter
TOR	24	75	45	30	39.7	27.6	10.2	22.1	46.0	2.2	5.3	40.8	5.1	6.7	76.5	2.3	3.2	5.5	3.9	2.2	1.5	1.1	2.7	45.7	10	0	4.3
187	
Kevin Garnett
MIN	25	81	47	34	39.5	22.0	8.7	18.2	47.7	0.2	0.8	28.8	4.4	5.8	76.4	2.7	8.7	11.4	5.0	2.8	1.4	1.8	2.5	49.7	54	2	2.5
189	
Michael Dickerson
VAN	26	70	20	50	37.4	16.3	6.1	14.6	41.7	1.2	3.3	37.4	2.9	3.9	76.3	1.0	2.3	3.3	3.3	2.3	0.9	0.4	3.0	26.7	1	0	-4.0
190	
Rodney Rogers
PHX	30	82	51	31	26.6	12.2	4.6	10.7	43.0	0.7	2.3	29.6	2.3	3.0	76.1	1.1	3.2	4.4	2.2	1.9	1.2	0.6	3.3	24.1	3	0	0.8
191	
Mike Bibby
VAN	23	82	23	59	38.9	15.9	6.4	14.1	45.4	1.3	3.5	37.9	1.7	2.3	76.1	0.6	3.1	3.7	8.4	3.0	1.3	0.1	1.8	34.2	17	0	-4.7
198	
Alvin Williams
TOR	26	82	47	35	29.2	9.8	4.0	9.4	43.0	0.4	1.3	30.6	1.3	1.8	75.2	0.6	2.0	2.6	5.0	1.3	1.5	0.3	2.1	24.5	8	1	1.9
200	
Donyell Marshall
UTA	28	81	52	29	28.7	13.6	5.3	10.5	50.3	0.5	1.6	32.0	2.5	3.4	75.1	2.1	4.9	7.0	1.6	1.6	1.0	1.0	2.4	28.9	17	0	4.1
201	
Metta World Peace
CHI	21	76	15	61	31.1	11.9	4.3	10.7	40.1	0.6	1.9	29.1	2.8	3.7	75.0	0.8	3.1	3.9	3.0	2.1	2.0	0.6	3.3	26.8	1	0	-4.8
211	
Sherman Douglas
NJN	34	59	19	40	18.5	5.7	2.1	5.1	40.3	0.1	0.7	20.0	1.5	1.9	74.8	0.4	0.9	1.3	2.4	1.3	0.6	0.1	1.6	11.6	1	0	-2.0
214	
Paul Pierce
BOS	23	82	36	46	38.1	25.3	8.4	18.5	45.4	1.8	4.7	38.3	6.7	9.0	74.5	1.1	5.2	6.4	3.1	3.2	1.7	0.8	3.1	41.9	12	0	-0.9
218	
Scottie Pippen
POR	35	64	37	27	33.3	11.3	4.2	9.3	45.1	1.0	2.9	34.4	1.9	2.5	73.9	1.1	4.1	5.2	4.6	2.4	1.5	0.5	2.5	28.0	6	0	3.7
219	
Bobby Jackson
SAC	28	79	54	25	20.9	7.2	2.9	6.7	43.9	0.5	1.3	37.5	0.8	1.1	73.9	0.9	2.2	3.1	2.0	1.3	1.1	0.1	1.8	16.2	0	0	2.8
221	
Desmond Mason
SEA	23	78	41	37	19.5	5.9	2.4	5.6	43.1	0.2	0.9	26.9	0.9	1.2	73.6	0.9	2.3	3.2	0.8	0.7	0.5	0.3	1.9	12.6	0	0	-0.6
222	
DerMarr Johnson
ATL	21	78	23	55	16.8	5.1	1.9	5.0	37.4	0.5	1.6	32.3	0.8	1.1	73.6	0.7	1.6	2.3	0.8	1.2	0.6	0.4	1.7	10.7	0	0	-2.1
226	
Lamond Murray
CLE	28	78	30	48	28.5	12.8	5.0	11.9	42.3	0.8	2.1	37.0	2.0	2.7	73.5	1.3	3.0	4.4	1.6	1.8	1.1	0.3	2.2	22.8	5	0	-2.4
228	
Shandon Anderson
HOU	27	82	45	37	29.2	8.7	3.2	7.2	44.6	0.6	2.1	27.1	1.7	2.3	73.4	0.9	3.2	4.1	2.3	1.6	1.0	0.5	2.5	19.9	4	0	0.0
229	
Laron Profit
WAS	23	35	5	30	17.3	4.3	1.6	4.1	39.4	0.2	0.7	26.9	0.9	1.3	73.3	0.5	1.3	1.8	2.5	1.3	1.0	0.3	1.2	13.1	1	0	-1.8
231	
Tracy McGrady
ORL	22	77	39	38	40.2	26.8	10.2	22.4	45.7	0.8	2.2	35.5	5.6	7.6	73.3	2.5	5.0	7.5	4.6	2.6	1.5	1.5	2.1	49.3	18	0	3.3
239	
Marcus Fizer
CHI	22	72	14	58	22.0	9.5	3.9	9.0	43.0	0.1	0.5	25.6	1.6	2.2	72.7	1.1	3.3	4.3	1.1	1.7	0.4	0.3	2.4	16.6	2	0	-5.6
243	
Kendall Gill
NJN	33	31	9	22	28.7	9.1	3.5	10.4	33.1	0.1	0.5	28.6	2.1	2.9	72.2	1.0	3.2	4.2	2.8	1.5	1.5	0.2	2.1	22.1	0	0	-2.9
243	
Kenny Thomas
HOU	23	74	39	35	24.6	7.1	2.8	6.3	44.3	0.3	1.2	27.2	1.2	1.7	72.2	1.6	4.0	5.6	1.0	1.6	0.5	0.6	2.4	17.3	7	0	2.1
245	
George Lynch
PHI	30	82	56	26	32.3	8.4	3.3	7.5	44.5	0.2	0.7	26.3	1.5	2.1	71.9	2.4	4.8	7.2	1.7	1.3	1.2	0.4	2.7	22.9	7	0	2.1
246	
Stephen Jackson
NJN	23	77	25	52	21.6	8.2	3.2	7.4	42.5	0.7	2.0	33.5	1.3	1.8	71.9	0.5	2.2	2.7	1.8	1.7	1.1	0.2	2.2	16.4	1	0	-1.9
248	
Morris Peterson
TOR	23	80	45	35	22.6	9.3	3.6	8.4	43.1	0.8	2.1	38.2	1.3	1.8	71.7	1.4	1.8	3.2	1.3	1.0	0.8	0.3	2.1	17.3	0	0	1.1
249	
Antoine Walker
BOS	24	81	35	46	41.9	23.4	8.8	21.2	41.3	2.7	7.4	36.7	3.1	4.3	71.6	1.9	7.0	8.9	5.5	3.7	1.7	0.6	3.1	45.5	38	5	-1.5
250	
Antawn Jamison
GSW	25	82	17	65	41.4	24.9	9.8	22.1	44.2	0.8	2.5	30.2	4.7	6.5	71.5	3.4	5.3	8.7	2.0	2.4	1.4	0.3	2.7	41.2	33	0	-6.8
251	
Bob Sura
GSW	28	53	14	39	31.7	11.1	3.8	9.8	39.0	0.9	3.2	27.3	2.5	3.6	71.4	1.0	3.3	4.3	4.6	3.0	1.0	0.2	2.4	23.5	1	0	-6.9
251	
Eric Williams
BOS	28	81	36	45	21.5	6.6	2.0	5.5	36.2	0.6	1.7	33.1	2.0	2.9	71.4	0.8	1.8	2.6	1.4	0.9	0.8	0.2	2.2	13.7	0	0	-0.3
251	
Sean Elliott
SAS	33	52	35	17	23.6	7.9	2.8	6.5	43.4	1.1	2.5	42.6	1.2	1.6	71.4	0.3	2.9	3.3	1.6	1.0	0.4	0.5	1.5	15.9	0	0	3.2
261	
Mike Miller
ORL	21	82	43	39	29.1	11.9	4.5	10.3	43.6	1.8	4.4	40.7	1.1	1.6	71.1	0.8	3.2	4.0	1.7	1.2	0.6	0.2	2.4	20.6	0	0	1.9
262	
Robert Horry
LAL	30	79	54	25	20.1	5.2	1.9	4.8	38.7	0.7	2.0	34.6	0.7	1.1	71.1	1.2	2.6	3.7	1.6	1.0	0.7	0.7	2.7	15.2	2	0	0.5
265	
Clifford Robinson
PHX	34	82	51	31	33.6	16.4	6.1	14.5	42.2	1.1	3.0	36.1	3.1	4.4	70.9	1.3	2.8	4.1	2.9	2.3	1.1	1.0	3.1	29.5	0	0	1.6
266	
Ron Harper
LAL	37	47	31	16	24.2	6.5	2.7	5.8	46.9	0.4	1.5	26.4	0.7	1.0	70.8	1.0	2.6	3.5	2.4	1.3	0.8	0.5	1.5	17.1	1	0	1.7
278	
Felipe Lopez
MIN	26	70	23	47	22.4	7.9	3.0	6.8	44.1	0.3	0.7	36.5	1.6	2.2	69.9	0.8	2.6	3.3	1.5	1.2	0.9	0.4	2.2	16.9	2	0	-2.6
279	
Raef LaFrentz
DEN	25	78	38	40	31.5	12.9	5.0	10.4	47.7	0.7	1.8	36.7	2.3	3.4	69.8	2.2	5.6	7.8	1.4	1.2	0.5	2.6	3.7	32.4	21	0	-0.7
280	
Keyon Dooling
LAC	21	76	29	47	16.3	5.9	1.9	4.8	40.9	0.4	1.1	35.0	1.6	2.4	69.8	0.1	1.1	1.2	2.3	1.2	0.5	0.1	1.4	11.6	0	0	-0.2
282	
Mookie Blaylock
GSW	34	69	16	53	34.1	11.0	4.6	11.6	39.6	1.1	3.3	32.4	0.8	1.1	69.7	1.0	2.9	3.9	6.7	1.9	2.4	0.3	1.9	31.9	11	1	-4.8
285	
Chucky Atkins
DET	26	81	31	50	29.2	12.0	4.7	11.8	39.9	1.5	4.2	35.7	1.1	1.6	69.2	0.3	1.8	2.1	4.1	1.8	0.8	0.1	2.3	21.5	2	0	-0.7
293	
Derrick Coleman
CHH	34	34	12	22	20.1	8.1	2.9	7.5	38.0	0.6	1.5	39.2	1.9	2.7	68.5	1.4	4.1	5.4	1.1	1.2	0.3	0.6	1.6	17.9	3	0	-3.2
294	
Chris Gatling
CLE	33	74	28	46	22.6	11.4	4.4	9.9	44.9	0.4	1.2	30.4	2.1	3.1	68.4	1.3	3.9	5.3	0.8	1.6	0.7	0.4	2.5	20.6	4	0	-2.6
297	
Ruben Patterson
SEA	25	76	41	35	27.1	13.0	4.9	9.9	49.4	0.0	0.5	5.6	3.2	4.8	68.1	2.4	2.6	5.0	2.1	2.0	1.4	0.6	2.3	26.0	6	0	1.3
298	
Dion Glover
ATL	22	57	16	41	16.3	5.9	2.5	5.9	42.0	0.2	0.8	19.6	0.8	1.2	68.1	0.7	1.6	2.3	1.2	0.9	0.9	0.2	1.6	12.7	0	0	-1.2
299	
Vonteego Cummings
GSW	25	66	13	53	22.7	7.3	2.7	7.8	34.4	0.7	2.2	33.6	1.2	1.8	68.1	0.7	1.4	2.1	3.4	1.4	1.0	0.2	2.4	17.3	1	0	-5.8
302	
Lamar Odom
LAC	21	76	30	46	37.2	17.2	6.3	13.8	46.0	1.1	3.3	31.6	3.4	5.1	67.9	1.4	6.3	7.8	5.2	3.5	1.0	1.6	3.1	38.5	24	4	-1.5
303	
Baron Davis
CHH	22	82	46	36	38.9	13.8	5.0	11.7	42.7	1.0	3.3	31.0	2.8	4.1	67.7	1.6	3.4	5.0	7.3	2.8	2.1	0.4	3.3	35.5	11	2	3.3
305	
Corey Benjamin
CHI	23	65	9	56	13.2	4.7	1.8	4.6	38.1	0.3	1.2	25.9	0.9	1.3	67.5	0.6	1.0	1.5	1.1	1.0	0.4	0.2	2.0	9.2	0	0	-3.0
314	
Bonzi Wells
POR	24	75	47	28	26.6	12.6	5.2	9.7	53.3	0.2	0.7	34.0	2.1	3.2	66.0	1.6	3.3	4.9	2.8	2.3	1.3	0.3	2.7	25.0	5	0	2.1
332	
Toni Kukoc
ATL	32	65	43	22	24.6	11.1	4.2	9.0	47.3	1.1	2.4	44.6	1.6	2.5	63.1	1.0	3.0	4.0	3.1	1.7	0.7	0.2	1.5	21.5	6	2	2.4
333	
Anthony Carter
MIA	26	72	43	29	22.7	6.4	2.7	6.7	40.6	0.1	0.6	15.0	0.9	1.4	63.1	0.6	1.9	2.5	3.7	1.7	1.0	0.1	2.1	16.8	0	0	0.8
339	
Quentin Richardson
LAC	21	76	28	48	17.8	8.1	3.1	6.9	44.2	0.7	2.0	33.1	1.3	2.1	62.7	1.4	2.0	3.4	0.8	0.8	0.6	0.1	1.3	14.4	1	0	-1.5
353	
Bruce Bowen
MIA	30	82	50	32	32.8	7.6	2.6	7.1	36.3	1.3	3.7	33.6	1.2	2.0	60.9	0.5	2.4	3.0	1.6	0.9	1.0	0.6	3.3	17.7	0	0	1.5